2015 11 8 0 0 95
2015 11 8 0 5 97
2015 11 8 0 10 98
2015 11 8 0 15 94
2015 11 8 0 20 90
2015 11 8 0 25 88
2015 11 8 0 30 85
2015 11 8 0 35 82
2015 11 8 0 40 80
2015 11 8 0 45 80
2015 11 8 0 50 81
2015 11 8 0 55 78
2015 11 8 1 0 75
2015 11 8 1 5 74
2015 11 8 1 10 74
2015 11 8 1 15 74
2015 11 8 1 20 73
2015 11 8 1 25 71
2015 11 8 1 30 70
2015 11 8 1 35 70
2015 11 8 1 40 71
2015 11 8 1 45 71
2015 11 8 1 50 72
2015 11 8 1 55 73
2015 11 8 2 0 72
2015 11 8 2 5 73
2015 11 8 2 10 74
2015 11 8 2 15 75
2015 11 8 2 20 75
2015 11 8 2 25 74
2015 11 8 2 30 74
2015 11 8 2 35 75
2015 11 8 2 40 74
2015 11 8 2 45 73
2015 11 8 2 50 75
2015 11 8 2 55 78
2015 11 8 3 0 76
2015 11 8 3 5 77
2015 11 8 3 10 78
2015 11 8 3 15 81
2015 11 8 3 20 82
2015 11 8 3 25 82
2015 11 8 3 30 82
2015 11 8 3 35 82
2015 11 8 3 40 82
2015 11 8 3 45 81
2015 11 8 3 50 81
2015 11 8 3 55 82
2015 11 8 4 0 82
2015 11 8 4 5 85
2015 11 8 4 10 84
2015 11 8 4 15 82
2015 11 8 4 20 81
2015 11 8 4 25 81
2015 11 8 4 30 82
2015 11 8 4 35 84
2015 11 8 4 40 84
2015 11 8 4 45 80
2015 11 8 4 50 81
2015 11 8 4 55 85
2015 11 8 5 0 86
2015 11 8 5 5 87
2015 11 8 5 10 88
2015 11 8 5 15 89
2015 11 8 5 20 90
2015 11 8 5 25 88
2015 11 8 5 30 85
2015 11 8 5 35 82
2015 11 8 5 40 80
2015 11 8 5 45 80
2015 11 8 5 50 81
2015 11 8 5 55 87
2015 11 8 6 0 95
2015 11 8 6 5 97
2015 11 8 6 10 98
2015 11 8 6 15 94
2015 11 8 6 20 90
2015 11 8 6 25 88
2015 11 8 6 30 85
2015 11 8 6 35 82
2015 11 8 6 40 80
2015 11 8 6 45 80
2015 11 8 6 50 81
2015 11 8 6 55 84
2015 11 8 7 0 80
2015 11 8 7 5 77
2015 11 8 7 10 73
2015 11 8 7 15 71
2015 11 8 7 20 70
2015 11 8 7 25 69
2015 11 8 7 30 68
2015 11 8 7 35 66
2015 11 8 7 40 69
2015 11 8 7 45 70
2015 11 8 7 50 71
2015 11 8 7 55 72
2015 11 8 8 0 73
2015 11 8 8 5 75
2015 11 8 8 10 78
2015 11 8 8 15 75
2015 11 8 8 20 75
2015 11 8 8 25 76
2015 11 8 8 30 77
2015 11 8 8 35 78
2015 11 8 8 40 79
2015 11 8 8 45 80
2015 11 8 8 50 81
2015 11 8 8 55 81
2015 11 8 9 0 83
2015 11 8 9 5 90
2015 11 8 9 10 98
2015 11 8 9 15 110
2015 11 8 9 20 115
2015 11 8 9 25 130
2015 11 8 9 30 140
2015 11 8 9 35 144
2015 11 8 9 40 143
2015 11 8 9 45 139
2015 11 8 9 50 130
2015 11 8 9 55 121
2015 11 8 10 0 110
2015 11 8 10 5 97
2015 11 8 10 10 95
2015 11 8 10 15 94
2015 11 8 10 20 90
2015 11 8 10 25 90
2015 11 8 10 30 90
2015 11 8 10 35 88
2015 11 8 10 40 87
2015 11 8 10 45 88
2015 11 8 10 50 85
2015 11 8 10 55 84
2015 11 8 11 0 82
2015 11 8 11 5 81
2015 11 8 11 10 80
2015 11 8 11 15 80
2015 11 8 11 20 84
2015 11 8 11 25 88
2015 11 8 11 30 85
2015 11 8 11 35 82
2015 11 8 11 40 80
2015 11 8 11 45 80
2015 11 8 11 50 81
2015 11 8 11 55 84
2015 11 8 12 0 80
2015 11 8 12 5 85
2015 11 8 12 10 95
2015 11 8 12 15 94
2015 11 8 12 20 101
2015 11 8 12 25 109
2015 11 8 12 30 120
2015 11 8 12 35 135
2015 11 8 12 40 155
2015 11 8 12 45 170
2015 11 8 12 50 178
2015 11 8 12 55 186
2015 11 8 13 0 188
2015 11 8 13 5 190
2015 11 8 13 10 191
2015 11 8 13 15 191
2015 11 8 13 20 188
2015 11 8 13 25 185
2015 11 8 13 30 183
2015 11 8 13 35 175
2015 11 8 13 40 170
2015 11 8 13 45 168
2015 11 8 13 50 164
2015 11 8 13 55 150
2015 11 8 14 0 144
2015 11 8 14 5 135
2015 11 8 14 10 130
2015 11 8 14 15 128
2015 11 8 14 20 129
2015 11 8 14 25 130
2015 11 8 14 30 130
2015 11 8 14 35 130
2015 11 8 14 40 131
2015 11 8 14 45 129
2015 11 8 14 50 129
2015 11 8 14 55 128
2015 11 8 15 0 104
2015 11 8 15 5 105
2015 11 8 15 10 100
2015 11 8 15 15 98
2015 11 8 15 20 95
2015 11 8 15 25 97
2015 11 8 15 30 96
2015 11 8 15 35 99
2015 11 8 15 40 94
2015 11 8 15 45 94
2015 11 8 15 50 95
2015 11 8 15 55 97
2015 11 8 16 0 95
2015 11 8 16 5 97
2015 11 8 16 10 98
2015 11 8 16 15 94
2015 11 8 16 20 93
2015 11 8 16 25 92
2015 11 8 16 30 90
2015 11 8 16 35 94
2015 11 8 16 40 90
2015 11 8 16 45 88
2015 11 8 16 50 90
2015 11 8 16 55 91
2015 11 8 17 0 91
2015 11 8 17 5 92
2015 11 8 17 10 92
2015 11 8 17 15 94
2015 11 8 17 20 94
2015 11 8 17 25 92
2015 11 8 17 30 95
2015 11 8 17 35 91
2015 11 8 17 40 90
2015 11 8 17 45 88
2015 11 8 17 50 85
2015 11 8 17 55 86
2015 11 8 18 0 87
2015 11 8 18 5 88
2015 11 8 18 10 86
2015 11 8 18 15 95
2015 11 8 18 20 102
2015 11 8 18 25 110
2015 11 8 18 30 118
2015 11 8 18 35 120
2015 11 8 18 40 121
2015 11 8 18 45 122
2015 11 8 18 50 119
2015 11 8 18 55 113
2015 11 8 19 0 105
2015 11 8 19 5 92
2015 11 8 19 10 80
2015 11 8 19 15 72
2015 11 8 19 20 64
2015 11 8 19 25 62
2015 11 8 19 30 58
2015 11 8 19 35 55
2015 11 8 19 40 56
2015 11 8 19 45 55
2015 11 8 19 50 54
2015 11 8 19 55 57
2015 11 8 20 0 53
2015 11 8 20 5 58
2015 11 8 20 10 60
2015 11 8 20 15 65
2015 11 8 20 20 68
2015 11 8 20 25 70
2015 11 8 20 30 74
2015 11 8 20 35 78
2015 11 8 20 40 80
2015 11 8 20 45 80
2015 11 8 20 50 81
2015 11 8 20 55 85
2015 11 8 21 0 84
2015 11 8 21 5 85
2015 11 8 21 10 83
2015 11 8 21 15 81
2015 11 8 21 20 81
2015 11 8 21 25 82
2015 11 8 21 30 80
2015 11 8 21 35 85
2015 11 8 21 40 83
2015 11 8 21 45 82
2015 11 8 21 50 82
2015 11 8 21 55 79
2015 11 8 22 0 76
2015 11 8 22 5 75
2015 11 8 22 10 70
2015 11 8 22 15 71
2015 11 8 22 20 110
2015 11 8 22 25 105
2015 11 8 22 30 108
2015 11 8 22 35 104
2015 11 8 22 40 106
2015 11 8 22 45 105
2015 11 8 22 50 104
2015 11 8 22 55 104
2015 11 8 23 0 105
2015 11 8 23 5 104
2015 11 8 23 10 104
2015 11 8 23 15 105
2015 11 8 23 20 106
2015 11 8 23 25 103
2015 11 8 23 30 103
2015 11 8 23 35 102
2015 11 8 23 40 101
2015 11 8 23 45 98
2015 11 8 23 50 98
2015 11 8 23 55 97